tensor([[ 3.6630e-02, -2.9485e-02, -8.0541e-01,  2.3257e-01, -1.8685e-01,
          1.2536e-01,  1.5085e+00,  4.9769e-01, -2.5290e-01,  2.1335e-01,
          1.1727e-01,  6.2822e-02, -2.2376e-01, -3.6471e-01,  1.3743e-01,
         -1.8198e-01,  2.6167e-02,  6.6735e-02,  2.4750e-01,  3.6996e-01,
         -2.7518e-01,  1.4874e-01,  7.7030e-02,  9.7894e-02, -1.6503e-01,
         -8.2446e-02, -1.9795e-02,  2.3715e-01, -1.0386e-01,  1.7591e-01,
         -1.4929e-01, -3.4547e-01, -6.0596e-02,  1.8852e-01, -9.1940e-03,
          1.3299e-03,  2.8683e+01,  2.6155e-01,  1.3422e-01,  4.0872e-01,
          1.0832e-01, -1.1861e-01, -8.9123e-02,  6.4595e-02,  3.7192e-01,
          4.7600e-02,  1.8946e-01, -8.9144e-02,  2.6762e-01,  5.0439e-01,
         -9.5323e-02,  6.8914e-02,  9.9532e-02, -6.2836e-02,  8.1119e-02,
          3.0420e-01, -1.7715e-01,  7.7657e-02,  3.3197e-01, -4.0573e-01,
         -2.2313e-01, -2.6931e-01,  8.2538e-02,  2.7575e-01, -1.2074e+00,
         -1.2049e-01,  7.3490e-02,  1.6151e-01, -6.5765e-02,  6.6066e-03,
          2.1913e-01, -4.4243e-01, -2.9677e-01, -1.5851e-02, -4.5675e-02,
         -5.0356e-02, -6.6382e-02,  4.6948e-01,  7.3189e-02,  2.0294e-01,
          1.3559e-01,  1.5491e-01, -1.0081e-01,  2.6843e-01, -1.5533e-01,
          8.6353e-02,  3.9376e-01, -1.1085e+00,  1.0592e-01,  7.2029e-02,
          1.9122e-01, -2.1281e-01,  1.2234e-01, -5.6366e-02, -7.2875e-02,
          1.0974e-01, -2.4696e-01, -3.0029e-01, -9.1183e-02,  7.9713e-02,
          1.9694e-01, -1.1476e-02,  7.3302e-01,  2.3069e-01,  3.5701e-02,
          2.1656e-01,  7.1388e-02,  5.7053e-01,  1.8613e-01,  6.6602e-02,
         -1.3549e-02, -1.0069e-01,  1.4161e-01, -1.4436e-01,  4.5235e-01,
         -1.0688e-01, -5.2308e-02,  1.6307e-01,  2.0721e-02, -2.7690e-01,
         -1.1899e-01,  3.1986e-01,  3.9453e-02,  3.1703e-01, -2.8917e-01,
         -1.8767e-02,  1.2022e-01, -1.2533e-02,  4.5427e-02, -1.5244e-02,
         -5.8845e-02,  2.5104e-02,  1.9004e-01, -6.2723e-02,  2.7463e-01,
          2.4473e-01, -7.2103e-02,  1.1771e-01,  6.1420e-01,  2.5468e-01,
          4.3999e-02,  2.0428e-01, -9.3906e-03, -1.7256e-01,  2.9970e-02,
          1.6650e-01, -5.2745e-02, -3.5244e-01,  9.3108e-02, -1.7081e-01,
          1.4309e-01,  3.4397e-01, -2.0063e-01, -1.8812e-01,  2.2542e-01,
         -3.1558e-01,  4.7015e-01,  1.5996e-01,  1.5915e-01, -2.1464e-01,
          8.9670e-01,  1.4473e-01, -2.9588e-02,  7.1434e-02, -3.1296e-02,
         -1.6379e-01,  2.9638e-01, -1.1322e+00, -3.0614e-01,  1.3021e-01,
          1.0254e-01, -5.6569e-02,  8.6937e-02, -9.4118e-02, -9.0905e-02,
          2.2584e-01, -5.8455e-01,  2.1150e-01, -6.2842e-02, -9.1686e-02,
         -1.6127e-01,  1.6243e-01,  2.0871e-01, -3.3554e-01,  6.6321e-02,
         -2.6068e-01, -1.0046e-01, -2.3597e-01, -4.3335e-03, -3.1837e-01,
          6.6758e-03,  2.7575e-01, -2.2646e-02, -2.9178e-02,  8.0686e-02,
          4.1222e-01, -3.2296e-02,  2.2389e-01,  3.0251e-02,  4.6202e-01,
          4.3920e-01, -1.6824e-01,  1.9988e-01,  8.6334e-02, -6.6893e-02,
         -3.0589e-02,  1.0862e-01,  1.5649e-01,  3.5426e-01, -6.0319e-02,
          4.7380e-01, -3.8991e-01, -6.9172e-01, -9.1593e-02, -2.1110e-02,
          3.2966e-03,  2.4551e-01,  2.3098e-02, -2.4873e-01,  2.3205e-02,
          2.1851e-01, -2.3492e-01,  2.3864e-01,  2.8808e-01,  5.1857e-02,
          2.1093e-01, -1.5896e-01,  2.6135e-01, -7.5550e-02,  2.2532e-02,
         -9.7924e-03,  1.0463e-01,  3.6211e-01,  2.0109e-01,  3.0520e-01,
          3.9919e-01,  1.4237e-01, -9.0181e-02, -6.9119e-04,  2.1033e-01,
         -1.1105e-01,  7.8060e-02,  9.8039e-02,  7.7589e-02, -1.2842e-01,
          3.9198e-02, -1.6403e-01,  2.6439e-02, -1.3922e-01,  2.1472e-01,
          1.3419e-03, -1.9320e-01, -3.0332e-02, -3.4818e-01,  3.6106e-01,
          3.5181e-01,  4.5437e-01, -8.1625e-02, -2.5106e-01,  1.9402e-01,
         -1.9601e-01,  1.0463e-01, -7.4732e-02,  3.2281e-01, -2.6523e-01,
         -6.3974e-02, -1.1018e+00, -7.6772e-02,  8.4801e-02, -1.0187e-01,
         -2.5749e-01,  9.5665e-02, -6.0357e-02,  2.9402e-01, -6.7106e-02,
          5.0431e-02,  5.1418e-02, -2.0503e-01, -9.7212e-02, -7.3448e-03,
          1.8485e-01,  1.5703e-01,  1.6250e-01, -9.9318e-02, -1.6100e-01,
          3.2526e-01,  2.8251e-01,  6.0368e-02,  5.5022e-01, -4.4787e-01,
         -1.2341e-01, -2.5751e-01,  2.2824e-01, -1.6334e-01, -3.4997e-01,
         -8.1313e-03,  6.8934e-02, -7.1296e-02, -4.3189e-01,  1.6457e-01,
          9.1855e-02,  3.0309e-02,  3.6677e-02,  3.5420e-01,  4.5426e-02,
         -8.3474e-02, -2.0285e-01, -2.5827e-01, -1.1962e+00, -7.3168e-03,
          1.0109e-01, -1.6744e-01,  2.3087e-01,  8.0261e-02, -1.3695e+01,
         -2.3469e-02,  4.6427e-02,  2.2759e-01,  2.1100e-01,  2.0656e-01,
         -7.0713e-01,  5.3503e-02, -1.1528e-01, -1.6456e-01,  9.7556e-02,
          8.2255e-03,  1.4429e-01,  1.0534e-01, -2.1002e-01, -1.4306e-01,
         -4.4661e-02,  1.9363e-01, -2.8762e-02,  1.1531e-01, -5.6788e-02,
          2.7547e-01,  1.8148e-01,  3.6639e-01,  1.6948e-01,  1.1101e-02,
         -1.9892e-01, -1.1766e-01,  1.8086e-01, -1.3110e-01, -8.4348e-02,
         -2.1148e-01,  5.0796e-01, -7.3953e-02,  4.8680e-02, -2.8980e-01,
         -1.7587e-01, -2.6148e-01, -1.5039e-01,  1.0834e-02, -1.7714e-01,
          3.1106e-02, -4.3475e-01,  1.3053e-01, -3.0259e-01,  1.7934e-01,
         -7.8970e-02, -2.3478e-01,  9.2172e-01,  1.9545e-01, -1.9500e-01,
         -7.9367e-02, -5.9606e-02, -1.0112e-01, -9.6562e-02, -4.3464e-03,
          1.5820e-01, -4.2175e-02, -3.1151e-01, -1.1871e+00, -6.4780e+00,
          3.2776e-01, -2.4338e-01,  3.2231e-01,  1.8523e-01, -1.1360e-01,
         -2.5589e-01,  8.2051e-02, -1.7213e-01,  2.5335e-02,  6.6623e-02,
         -1.0140e-01, -2.5573e-01, -9.4527e-02, -1.2527e-02, -1.6060e-01,
         -1.4823e-01, -2.9794e-01, -2.0383e-01,  3.2413e-02,  1.7647e-01,
         -1.9437e-01,  2.8511e-01, -2.9331e-01,  6.8251e-02,  1.9630e-01,
         -2.1696e-01,  1.0249e-01, -3.3716e-01, -1.5697e-01,  4.3930e-01,
         -3.3317e-01, -1.4439e-01, -5.7838e-02,  2.4986e+00,  6.6340e-02,
          3.8403e-01,  1.3191e-01,  1.0471e-01, -9.5804e-02,  9.0942e-02,
          1.2515e-01, -2.0154e-03,  1.5767e-01,  2.1126e-01, -1.1372e-01,
         -2.9669e-01,  2.4472e-02, -2.1118e-01, -1.6651e-01, -2.4452e-01,
          6.4107e-02, -3.8481e-01, -5.9472e-02,  9.4663e-02, -2.1001e-02,
          3.8900e+01,  1.0102e-01,  1.2920e-01,  5.0186e-02,  5.2791e-02,
         -8.0289e-02, -3.2015e-02, -5.1421e-02,  4.0375e-02,  9.8613e-01,
         -1.4407e-01, -6.0948e-02, -4.3981e-01,  7.4043e-02,  2.3744e-01,
         -1.4367e-01, -1.5736e-01,  1.0818e+00, -1.3422e-01,  4.2849e-02,
          1.1055e-01, -3.5925e-01,  3.6279e-02,  3.1381e-01,  1.6921e-01,
          8.0116e-01,  7.6437e-02, -1.1239e-01,  1.9947e-01, -1.8507e-02,
          5.2745e-02,  1.8930e-01,  1.5547e-01,  3.2057e-02,  2.5699e-02,
          8.7445e-02, -1.8094e-01, -3.8771e-01,  2.9917e-03,  1.5863e-01,
         -1.0947e-01, -2.2810e-02,  2.2492e-01,  1.1600e-02, -1.4628e-01,
         -1.9598e-02,  2.3764e-02,  2.0806e-01, -2.4112e-01, -1.1345e+00,
         -9.6384e-01,  1.1853e+00,  1.6942e-01,  1.4095e-01,  3.7808e-01,
         -2.6325e-01,  1.5692e-01, -2.4838e-01,  1.8921e-01, -2.9599e-01,
          1.9787e-02,  7.7982e-02, -1.6444e-01,  1.3019e-01,  8.6188e-02,
          1.6177e-01,  1.1467e+02,  2.0926e-01,  1.5760e-01,  1.0766e-01,
         -3.1379e-02, -2.6291e-02, -4.3224e-01,  2.9499e-01,  1.3223e-01,
         -1.7294e-01, -3.2599e-02,  1.8350e-01,  2.4155e-02, -7.8641e-03,
         -8.7724e-02, -1.3802e-02,  1.9300e-01, -1.3164e-01,  6.7796e-03,
         -4.7660e-02,  9.8287e-02, -1.4191e-01, -2.1871e-01, -1.6440e-01,
         -9.5093e-02, -1.9747e-01, -6.6795e-02, -1.8301e-02, -3.2725e-01,
         -2.1934e-01, -5.3312e-01, -6.3640e-01,  4.1444e-01,  1.0877e-01,
          3.9690e-02,  1.2604e-01,  1.3440e-01, -2.4917e-01, -5.8970e-01,
          5.7891e-01, -1.2922e-02, -9.9783e-02, -2.2108e-01, -1.1701e-01,
          6.9117e-01, -1.1952e-01,  6.2527e-02, -5.9187e-01,  1.1769e-01,
          1.9956e-01,  1.5066e-01,  6.3474e-02, -1.8153e-02, -8.3270e-02,
         -9.3222e-02,  1.3993e-01,  2.6111e-01, -1.5326e-01, -9.6851e-02,
         -2.9707e-01, -1.9725e-01,  8.8259e-02, -1.6478e-01, -1.8181e-01,
          7.5224e-02,  3.4629e-01, -1.4204e-01, -2.7464e-02, -1.2411e-01,
          5.5989e-02, -1.8947e-01,  4.6821e-03,  1.7793e-02,  7.2980e-02,
          1.8968e-01, -1.0874e-01,  4.2676e-02, -1.3523e-01, -1.4141e-01,
          2.9550e-01,  3.9252e-02,  1.8959e-01, -6.4136e-02, -1.1120e-01,
         -6.6102e-02,  2.5692e-01,  5.2162e-01,  5.7333e-02,  1.7694e-01,
          1.7752e-01,  1.5318e-02,  2.4364e-02,  3.9764e-01, -8.8953e-03,
          1.2763e-01, -3.7934e-01, -2.4873e-01,  2.5332e-01,  1.3642e-01,
          8.1097e-02, -1.4327e-01,  7.3377e-03,  1.9492e-01,  2.4937e-02,
         -2.3217e-01,  2.4830e-01, -1.8396e-01,  3.8634e-01, -4.0684e-02,
         -1.0633e-01,  1.7393e-01,  8.9524e-02,  2.0486e-01, -2.4920e-02,
         -6.3450e-02,  5.2091e-03,  3.1936e-01,  1.6841e-01, -2.3807e-01,
         -4.2020e-02,  2.0623e-01, -3.6821e-01, -9.2913e-02, -1.6905e-03,
          1.0068e-01, -2.1823e-01,  1.9131e-01, -4.3261e-01,  1.7170e-01,
         -8.5076e-02, -1.1199e-01, -1.8492e+00,  1.3137e-01, -1.4187e-01,
          1.1228e-01, -1.8836e-02,  4.8559e-04,  7.9786e-03,  4.9908e-03,
         -3.1107e-02,  7.2299e-04, -3.4909e-01,  2.0735e-01, -7.6330e-02,
          1.3384e-01,  1.5843e-02,  2.5204e-01,  2.3136e-01, -1.2728e-01,
         -1.3471e-01,  1.5592e-01,  6.5302e-02,  1.9669e-01,  1.4642e-01,
         -2.9626e-01,  1.7953e-01, -1.1622e-01, -2.8046e-01, -9.1167e-02,
          7.9688e-01,  1.7425e-02,  2.4883e-01,  5.4915e-02,  1.7857e-01,
          1.6935e-01, -1.0383e-01,  1.5328e-01, -1.0847e-01, -1.1081e-01,
         -1.9269e-02, -1.3983e-02,  2.1497e-01, -1.7098e-02,  1.6074e-01,
          1.3001e-01,  2.5659e-01, -2.3467e-01, -4.3971e-02,  1.1648e-01,
         -2.0057e-01, -2.5829e-01,  2.7324e-01,  1.2254e-01,  1.7811e-01,
         -3.3336e-01, -1.4333e-02, -8.5137e-02,  1.1234e-01,  4.6616e-01,
          2.0011e-02,  8.6339e-02, -1.7486e-01, -2.2020e-01, -2.7092e-02,
          7.8806e-02,  1.4909e-01, -9.4636e-02,  1.8755e-01, -2.1924e-01,
          2.7526e-02,  8.1530e-02,  2.6012e-02,  2.0683e-01, -2.1142e-02,
         -1.5959e-02, -1.6745e-01,  1.6676e-01, -2.8579e-01, -4.2573e-02,
          1.6816e-01, -8.8314e-02, -1.7235e-01,  2.2155e-01, -3.5449e-01,
          3.2519e-01,  4.2856e-02,  9.0616e-02, -7.7900e-02,  1.4736e-01,
         -4.9918e-01,  3.8781e-01,  2.8937e-01,  4.9052e-01,  4.2729e-02,
          8.2362e-02, -2.2165e-02, -1.1075e-01, -1.5575e-02,  1.5373e+00,
         -2.9765e-01,  2.1149e-03, -6.2534e-02, -1.5184e-01,  8.9187e-03,
          6.6066e-03, -2.7074e-01,  1.2194e-01, -3.2652e-02,  2.4318e-02,
          7.7802e-02,  4.0584e-03, -4.7030e-01, -3.9747e-01, -3.9388e-03,
          1.1524e-01, -2.9529e-01,  1.7398e-01,  4.5514e-01,  1.1141e-01,
         -7.2978e-01, -6.8756e-01,  1.1662e-01,  2.2698e-01,  1.0628e-01,
         -1.7526e-01,  7.4106e-02, -1.3462e-02,  1.0189e-01, -3.3662e-01,
          3.7299e-01, -3.4035e-01,  7.4592e-02,  1.0921e-01,  7.6182e-01,
         -3.2249e-03, -3.1429e-02,  2.2871e+00,  2.5960e-01, -2.1280e-02,
          2.1219e-01,  1.0774e-01, -2.7043e-01]], device='cuda:0',
       grad_fn=<DivBackward0>)
